function res = calculate(a)
res = 0.0843*(a(1)*0.0719+a(2)*0.6491+a(3)*0.2790)+...
    0.0475*(a(4)*0.7306+a(5)*0.1884+a(6)*0.0810)+...
    0.1560*(a(7)*0.1884+a(8)*0.7306+a(9)*0.0810)+...
    0.5562*(a(10)*0.0974+a(11)*0.5695+a(12)*0.3331)+...
    0.1560*(a(13)*0.5584+a(14)*0.1220+a(15)*0.3196);
return;
%day1,day2,day3,ave1,ave2,ave3,even1,even2,even3,hostipal1,hostipal2,hostipal3,wenti1,wenti2,wenti3